# pbe, scan, hf, cc
0.468363  0.488090 0.519410 0.506744 
-0.324273  -0.338907 -0.386238 -0.371291 
0.106657  0.112255 0.125731 0.123880 
0.149173  0.154593 0.161609 0.157718 
0.089471  0.094684 0.111180 0.107555 
0.149005  0.154607 0.163311 0.162226 
0.088733  0.095383 0.113127 0.108223 
0.101069  0.107234 0.122254 0.119301 
-0.326237  -0.338941 -0.358203 -0.353597 
-0.218547  -0.230169 -0.252090 -0.248724 
-0.312833  -0.323220 -0.340324 -0.334081 
-0.325071  -0.338484 -0.356793 -0.351452 
-0.240794  -0.250859 -0.273609 -0.270609 
-0.303788  -0.315374 -0.333894 -0.331724 
0.150531  0.156512 0.166611 0.164263 
0.167328  0.172426 0.178166 0.178764 
0.077695  0.083377 0.097415 0.093164 
0.148232  0.153097 0.160309 0.154738 
0.102421  0.108276 0.123015 0.120397 
0.145494  0.151246 0.160675 0.157559 
0.171394  0.176466 0.182155 0.182688 
-0.238964  -0.250851 -0.272501 -0.268105 
0.081675  0.087062 0.101902 0.099653 
0.082305  0.087256 0.103217 0.101484 
-0.172835  -0.184940 -0.210509 -0.204664 
0.183829  0.189218 0.194101 0.195918 
