# pbe, scan, hf, cc
-0.209328  -0.225474 -0.250570 -0.179239 
-0.194722  -0.211593 -0.272997 -0.245297 
-0.078800  -0.099172 -0.151120 -0.131479 
-0.068516  -0.073410 -0.053088 -0.053890 
-0.064633  -0.072210 -0.071008 -0.038374 
0.048704  0.058382 0.089967 0.056226 
-0.069894  -0.069866 -0.066147 -0.054853 
-0.066906  -0.066666 -0.063625 -0.053283 
0.008753  0.013339 0.011233 0.017879 
-0.044313  -0.039771 -0.021278 -0.037709 
-0.048029  -0.043190 -0.022953 -0.041535 
-0.050444  -0.039617 -0.021524 -0.023237 
-0.050175  -0.039358 -0.021296 -0.023327 
0.022902  0.029262 0.037880 0.029017 
-0.020290  -0.017750 -0.012494 -0.019078 
-0.049126  -0.046113 -0.035733 -0.039043 
-0.043955  -0.040843 -0.029342 -0.036860 
-0.047548  -0.044101 -0.031900 -0.036618 
-0.045295  -0.042082 -0.031791 -0.034970 
0.175805  0.198736 0.270086 0.208243 
0.049690  0.047171 0.038811 0.041171 
0.049658  0.047208 0.039454 0.041389 
0.059201  0.057365 0.049658 0.048461 
0.058182  0.056756 0.051504 0.049139 
0.050257  0.048007 0.034599 0.033545 
0.054006  0.051840 0.041381 0.040967 
0.052956  0.050786 0.038658 0.038058 
0.054062  0.051900 0.041390 0.041199 
0.053329  0.051199 0.039184 0.038500 
0.050524  0.048277 0.034940 0.033785 
0.058090  0.056633 0.049324 0.049658 
0.060488  0.059228 0.053049 0.051769 
0.054741  0.052799 0.045478 0.045684 
0.055375  0.053409 0.045763 0.046655 
0.135215  0.138885 0.144475 0.137415 
